  -5.0000000000000000        25.000000000000000     
  -4.8999999985098839        24.009999985396863     
  -4.7999999970197678        23.039999971389772     
  -4.6999999955296516        22.089999957978726     
  -4.5999999940395355        21.159999945163726     
  -4.4999999925494194        20.249999932944775     
  -4.3999999910593033        19.359999921321869     
  -4.2999999895691872        18.489999910295008     
  -4.1999999880790710        17.639999899864197     
  -4.0999999865889549        16.809999890029431     
  -3.9999999850988388        15.999999880790710     
  -3.8999999836087227        15.209999872148037     
  -3.7999999821186066        14.439999864101409     
  -3.6999999806284904        13.689999856650831     
  -3.5999999791383743        12.959999849796295     
  -3.4999999776482582        12.249999843537807     
  -3.3999999761581421        11.559999837875367     
  -3.2999999746680260        10.889999832808972     
  -3.1999999731779099        10.239999828338624     
  -3.0999999716877937        9.6099998244643228     
  -2.9999999701976776        8.9999998211860657     
  -2.8999999687075615        8.4099998185038576     
  -2.7999999672174454        7.8399998164176949     
  -2.6999999657273293        7.2899998149275795     
  -2.5999999642372131        6.7599998140335096     
  -2.4999999627470970        6.2499998137354869     
  -2.3999999612569809        5.7599998140335096     
  -2.2999999597668648        5.2899998149275795     
  -2.1999999582767487        4.8399998164176958     
  -2.0999999567866325        4.4099998185038585     
  -1.9999999552965164        3.9999998211860675     
  -1.8999999538064003        3.6099998244643232     
  -1.7999999523162842        3.2399998283386253     
  -1.6999999508261681        2.8899998328089738     
  -1.5999999493360519        2.5599998378753686     
  -1.4999999478459358        2.2499998435378101     
  -1.3999999463558197        1.9599998497962980     
  -1.2999999448657036        1.6899998566508323     
  -1.1999999433755875        1.4399998641014131     
  -1.0999999418854713        1.2099998721480403     
 -0.99999994039535522       0.99999988079071400     
 -0.89999993890523911       0.80999989002943407     
 -0.79999993741512299       0.63999989986420069     
 -0.69999993592500687       0.48999991029501372     
 -0.59999993443489075       0.35999992132187320     
 -0.49999993294477463       0.24999993294477912     
 -0.39999993145465851       0.15999994516373151     
 -0.29999992996454239        8.9999957978730338E-002
 -0.19999992847442627        3.9999971389775624E-002
  -9.9999926984310150E-002   9.9999853968673613E-003
   7.4505805969238281E-008   5.5511151231257827E-015
  0.10000007599592209        1.0000015199190193E-002
  0.20000007748603821        4.0000030994421287E-002
  0.30000007897615433        9.0000047385698834E-002
  0.40000008046627045       0.16000006437302283     
  0.50000008195638657       0.25000008195639328     
  0.60000008344650269       0.36000010013581019     
  0.70000008493661880       0.49000011891127354     
  0.80000008642673492       0.64000013828278335     
  0.90000008791685104       0.81000015825033955     
   1.0000000894069672        1.0000001788139423     
   1.1000000908970833        1.2100001999735914     
   1.2000000923871994        1.4400002217292871     
   1.3000000938773155        1.6900002440810291     
   1.4000000953674316        1.9600002670288177     
   1.5000000968575478        2.2500002905726526     
   1.6000000983476639        2.5600003147125339     
   1.7000000998377800        2.8900003394484619     
   1.8000001013278961        3.2400003647804363     
   1.9000001028180122        3.6100003907084570     
   2.0000001043081284        4.0000004172325241     
   2.1000001057982445        4.4100004443526384     
   2.2000001072883606        4.8400004720687981     
   2.3000001087784767        5.2900005003810051     
   2.4000001102685928        5.7600005292892575     
   2.5000001117587090        6.2500005587935572     
   2.6000001132488251        6.7600005888939032     
   2.7000001147389412        7.2900006195902955     
   2.8000001162290573        7.8400006508827342     
   2.9000001177191734        8.4100006827712193     
   3.0000001192092896        9.0000007152557515     
   3.1000001206994057        9.6100007483363292     
   3.2000001221895218        10.240000782012954     
   3.3000001236796379        10.890000816285626     
   3.4000001251697540        11.560000851154342     
   3.5000001266598701        12.250000886619107     
   3.6000001281499863        12.960000922679917     
   3.7000001296401024        13.690000959336775     
   3.8000001311302185        14.440000996589678     
   3.9000001326203346        15.210001034438628     
   4.0000001341104507        16.000001072883624     
   4.1000001356005669        16.810001111924667     
   4.2000001370906830        17.640001151561755     
   4.3000001385807991        18.490001191794892     
   4.4000001400709152        19.360001232624075     
   4.5000001415610313        20.250001274049303     
   4.6000001430511475        21.160001316070577     
   4.7000001445412636        22.090001358687900     
   4.8000001460313797        23.040001401901268     
   4.9000001475214958        24.010001445710682     
